vehicle_start_pos: [13.01397, 77.56996]
angle_offset: 0 